Part Number    210-0180
Description    CAT SCALE GUARANTEE FACE
Total Work Orders   50
Total Quantity 3,597
Report Depth    05/20/2025 - 01/23/2010
Work Orders    50 Group 1
Group 1 Dates  05/20/2025 - 01/23/2010
Total Quantity 3,597



68463 (70)

68384  (52)
68331  (70)
68210  (70)
68234  (70)
68169  (70)
68083  (80)
68041  (80)
67856  (69)
67876  (72)
67822  (72)
67731  (72)
67707  (72)
67676  (66)
67615  (72)
67487  (72)
67417  (71)
67225  (72)
67145  (72)
67119  (71)
67059  (72)
66983  (72)
66927  (72)
66834  (72)
66789  (72)
66714  (72)
66619  (72)
66531  (72)
66434  (72)
66346  (72)
66198  (72)
65966  (72)
65965  (72)
65842  (72)
65712  (72)
65570  (72)
65388  (72)
65246  (72)
65128  (70)
64995  (72)
64721  (72)
64660  (72)
64443  (72)
64290  (93)
64107  (72)
63946  (48)
63666  (72)
63460  (72)
63207  (72)
63026  (72)