Part Number    221-0190
Description    STANDARD CAT SCALE SPEAKER SIGN
Total Work Orders   1040
Total Quantity 1040
Report Depth    05/29/25 - 05/31/07
Work Orders    1040

Group 1 Dates  05/29/25 - 07/17/23
Total Quantity 200
68401  (1)
68400  (1)
68382  (1)
68381  (1)
68380  (1)
68379  (1)
68378  (1)
68328  (1)
68327  (1)
68326  (1)
68325  (1)
68324  (1)
68323  (1)
68322  (1)
68321  (1)
68320  (1)
68319  (1)
68301  (1)
68300  (1)
68298  (1)
68273  (1)
68269  (1)
68272  (1)
68270  (1)
68268  (1)
68267  (1)
68266  (1)
68265  (1)
68302  (1)
68299  (1)
68271  (1)
68264  (1)
68254  (1)
68253  (1)
68252  (1)
68251  (1)
68250  (1)
68249  (1)
68248  (1)
68247  (1)
68246  (1)
68245  (1)
68230  (1)
68229  (1)
68185  (1)
68228  (1)
68227  (1)
68226  (1)
68208  (1)
68207  (1)
68206  (1)
68225  (1)
68224  (1)
68223  (1)
68222  (1)
68221  (1)
68205  (1)
68204  (1)
68191  (1)
68190  (1)
68189  (1)
68188  (1)
68187  (1)
68186  (1)
68184  (1)
68183  (1)
68182  (1)
68160  (1)
68159  (1)
68158  (1)
68157  (1)
68156  (1)
68155  (1)
68154  (1)
68153  (1)
68152  (1)
69008  (1)
68151  (1)
68126  (1)
68125  (1)
68124  (1)
68123  (1)
68122  (1)
68121  (1)
68120  (1)
69007  (1)
69006  (1)
68119  (1)
68118  (1)
68117  (1)
68093  (1)
69005  (1)
69010  (1)
69009  (1)
68092  (1)
68091  (1)
68090  (1)
68089  (1)
68088  (1)
68087  (1)
68086  (1)
68085  (1)
68078  (1)
68077  (1)
68076  (1)
68084  (1)
68075  (1)
68074  (1)
68073  (1)
68072  (1)
68071  (1)
68070  (1)
68058  (1)
68048  (1)
68047  (1)
68046  (1)
68045  (1)
68040  (1)
68025  (1)
68024  (1)
68023  (1)
68022  (1)
68021  (1)
68005  (1)
68004  (1)
68003  (1)
68002  (1)
68001  (1)
67995  (1)
67994  (1)
67993  (1)
67992  (1)
67991  (1)
67990  (1)
67989  (1)
67988  (1)
67987  (1)
67986  (1)
67966  (1)
67953  (1)
67952  (1)
67951  (1)
67950  (1)
67948  (1)
67949  (1)
67947  (1)
67946  (1)
67945  (1)
67944  (1)
67934  (1)
67933  (1)
67932  (1)
67931  (1)
67930  (1)
67896  (1)
67916  (1)
67915  (1)
67914  (1)
67913  (1)
67912  (1)
67898  (1)
67897  (1)
67879  (1)
67878  (1)
67870  (1)
67869  (1)
67868  (1)
67867  (1)
67866  (1)
67865  (1)
67864  (1)
67863  (1)
67862  (1)
67861  (1)
67840  (1)
67839  (1)
67835  (1)
67834  (1)
67833  (1)
67832  (1)
67836  (1)
67814  (1)
67813  (1)
67812  (1)
67811  (1)
67838  (1)
67837  (1)
67810  (1)
67809  (1)
67890  (1)
67888  (1)
67887  (1)
67886  (1)
67808  (1)
67807  (1)
67806  (1)
67884  (1)
67885  (1)
67883  (1)
67805  (1)
67881  (1)
67882  (1)
67880  (1)
67781  (1)
67780  (1)
67779  (1)
67778  (1)
67777  (1)
67762  (1)
67761  (1)
67760  (1)
67759  (1)
67758  (1)
67757  (1)
67756  (1)
67755  (1)
67754  (1)
67753  (1)
67736  (1)
67735  (1)
67734  (1)
67733  (1)
67737  (1)

Group 2 Dates  06/30/23 - 03/08/22
Total Quantity 200
67724  (1)
67725  (1)
67722  (1)
67721  (1)
67701  (1)
67700  (1)
67699  (1)
67723  (1)
67702  (1)
67698  (1)
67697  (1)
67696  (1)
67695  (1)
67694  (1)
67693  (1)
67692  (1)
67665  (1)
67664  (1)
67663  (1)
67662  (1)
67661  (1)
67653  (1)
67652  (1)
67651  (1)
67650  (1)
67649  (1)
67648  (1)
67647  (1)
67646  (1)
67645  (1)
67644  (1)
67634  (1)
67633  (1)
67632  (1)
67631  (1)
67630  (1)
67629  (1)
67628  (1)
67627  (1)
67626  (1)
67625  (1)
67614  (1)
67629  (1)
67613  (1)
67612  (1)
67611  (1)
67609  (1)
67608  (1)
67607  (1)
67606  (1)
67605  (1)
67610  (1)
67583  (1)
67579  (1)
67582  (1)
67581  (1)
67568  (1)
67580  (1)
67567  (1)
67566  (1)
67565  (1)
67564  (1)
67556  (1)
67555  (1)
67554  (1)
67553  (1)
67552  (1)
67551  (1)
67550  (1)
67549  (1)
67548  (1)
67547  (1)
67541  (1)
67540  (1)
67498  (1)
67539  (1)
67538  (1)
67537  (1)
67536  (1)
67535  (1)
67534  (1)
67533  (1)
67532  (1)
67499  (1)
67497  (1)
67496  (1)
67495  (1)
67492  (1)
67493  (1)
67491  (1)
67490  (1)
67489  (1)
67467  (1)
67462  (1)
67466  (1)
67465  (1)
67464  (1)
67463  (1)
67460  (1)
67459  (1)
67458  (1)
67439  (1)
67438  (1)
67461  (1)
67437  (1)
67436  (1)
67435  (1)
67423  (1)
67422  (1)
67421  (1)
67420  (1)
67419  (1)
67415  (1)
67414  (1)
67413  (1)
67412  (1)
67411  (1)
67400  (1)
67399  (1)
67398  (1)
67397  (1)
67396  (1)
67371  (1)
67370  (1)
67369  (1)
67368  (1)
67367  (1)
67366  (1)
67365  (1)
67359  (1)
67364  (1)
67363  (1)
67362  (1)
67360  (1)
67358  (1)
67347  (1)
67344  (1)
67346  (1)
67345  (1)
67343  (1)
67357  (1)
67356  (1)
67323  (1)
67322  (1)
67321  (1)
67320  (1)
67319  (1)
67311  (1)
67310  (1)
67308  (1)
67309  (1)
67307  (1)
67304  (1)
67303  (1)
67302  (1)
67301  (1)
67300  (1)
67297  (1)
67296  (1)
67295  (1)
67288  (1)
67294  (1)
67248  (1)
67293  (1)
67292  (1)
67291  (1)
67290  (1)
67289  (1)
67247  (1)
67246  (1)
67245  (1)
67244  (1)
67235  (1)
67234  (1)
67233  (1)
67232  (1)
67231  (1)
67230  (1)
67229  (1)
67227  (1)
67226  (1)
67201  (1)
67200  (1)
67199  (1)
67228  (1)
67198  (1)
67197  (1)
67196  (1)
67195  (1)
67194  (1)
67193  (1)
67192  (1)
67181  (1)
67180  (1)
67179  (1)
67177  (1)
67176  (1)
67175  (1)
67174  (1)
67173  (1)
67178  (1)
67182  (1)
67164  (1)
67163  (1)
67162  (1)
67161  (1)
67159  (1)
67166  (1)
67165  (1)

Group 3 Dates  11/19/21 - 08/08/19
Total Quantity 200
67160  (1)
67158  (1)
67157  (1)
67133  (1)
67132  (1)
67130  (1)
67042  (1)
67129  (1)
67131  (1)
67092  (1)
67091  (1)
67109  (1)
67108  (1)
67107  (1)
67106  (1)
67105  (1)
67090  (1)
67094  (1)
67093  (1)
67067  (1)
67066  (1)
67065  (1)
67064  (1)
67063  (1)
67052  (1)
67051  (1)
67050  (1)
67049  (1)
67044  (1)
67043  (1)
67048  (1)
67041  (1)
67040  (1)
67017  (1)
67016  (1)
67015  (1)
67014  (1)
67013  (1)
66988  (1)
66987  (1)
66986  (1)
66985  (1)
66984  (1)
66965  (1)
66964  (1)
66962  (1)
66961  (1)
66960  (1)
66959  (1)
66958  (1)
66963  (1)
66957  (1)
66947  (1)
66956  (1)
66944  (1)
66942  (1)
66941  (1)
66940  (1)
66946  (1)
66945  (1)
66939  (1)
66943  (1)
66925  (1)
66938  (1)
66926  (1)
66924  (1)
66922  (1)
66923  (1)
66913  (1)
66894  (1)
66911  (1)
66910  (1)
66909  (1)
66901  (1)
66900  (1)
66912  (1)
66899  (1)
66898  (1)
66897  (1)
66896  (1)
66895  (1)
66875  (1)
66874  (1)
66873  (1)
66872  (1)
66871  (1)
66893  (1)
66892  (1)
66845  (1)
66851  (1)
66850  (1)
66849  (1)
66848  (1)
66847  (1)
66844  (1)
66843  (1)
66842  (1)
66841  (1)
66828  (1)
66827  (1)
66826  (1)
66825  (1)
66824  (1)
66804  (1)
66803  (1)
66802  (1)
66801  (1)
66800  (1)
66776  (1)
66774  (1)
66773  (1)
66777  (1)
66775  (1)
66761  (1)
66760  (1)
66759  (1)
66758  (1)
66757  (1)
66747  (1)
66746  (1)
66745  (1)
66744  (1)
66743  (1)
66734  (1)
66733  (1)
66731  (1)
66730  (1)
66732  (1)
66724  (1)
66723  (1)
66722  (1)
66721  (1)
66708  (1)
66720  (1)
66712  (1)
66711  (1)
66710  (1)
66709  (1)
66701  (1)
66700  (1)
66699  (1)
66698  (1)
66697  (1)
66685  (1)
66684  (1)
66683  (1)
66682  (1)
66655  (1)
66654  (1)
66653  (1)
66652  (1)
66681  (1)
66651  (1)
66648  (1)
66647  (1)
66646  (1)
66645  (1)
66644  (1)
66629  (1)
66628  (1)
66627  (1)
66626  (1)
66625  (1)
66608  (1)
66607  (1)
66594  (1)
66605  (1)
66604  (1)
66596  (1)
66595  (1)
66606  (1)
66577  (1)
66576  (1)
66575  (1)
66574  (1)
66573  (1)
66580  (1)
66578  (1)
66593  (1)
66579  (1)
66592  (1)
66571  (1)
66553  (1)
66572  (1)
66554  (1)
66552  (1)
66551  (1)
66550  (1)
66549  (1)
66548  (1)
66547  (1)
66546  (1)
66545  (1)
66539  (1)
66538  (1)
66537  (1)
66536  (1)
66535  (1)
66525  (1)
66523  (1)
66522  (1)
66521  (1)
66503  (1)
66502  (1)
66524  (1)
66501  (1)
66500  (1)

Group 4 Dates  08/08/19 - 08/31/12
Total Quantity 200
66499  (1)
66497  (1)
66496  (1)
66495  (1)
66494  (1)
66493  (1)
66490  (1)
66487  (1)
66467  (1)
66466  (1)
66465  (1)
66464  (1)
66489  (1)
66488  (1)
66491  (1)
66463  (1)
66449  (1)
66448  (1)
66447  (1)
66446  (1)
66445  (1)
66430  (1)
66428  (1)
66450  (1)
66429  (1)
66427  (1)
66426  (1)
66423  (1)
66420  (1)
66419  (1)
66418  (1)
66386  (1)
66417  (1)
66416  (1)
66393  (1)
66392  (1)
66391  (1)
66390  (1)
66389  (1)
66385  (1)
66384  (1)
66382  (1)
66383  (1)
66360  (1)
66362  (1)
66361  (1)
66359  (1)
66342  (1)
66335  (1)
66363  (1)
66334  (1)
66333  (1)
66332  (1)
66331  (1)
66330  (1)
66329  (1)
66328  (1)
66327  (1)
66326  (1)
66319  (1)
66320  (1)
66318  (1)
66317  (1)
66300  (1)
66316  (1)
66299  (1)
66298  (1)
66297  (1)
66296  (1)
66283  (1)
66282  (1)
66279  (1)
66281  (1)
66280  (1)
66236  (1)
66235  (1)
66234  (1)
66233  (1)
66266  (1)
66265  (1)
66264  (1)
66263  (1)
66262  (1)
66232  (1)
66209  (1)
66208  (1)
66207  (1)
66206  (1)
66205  (1)
66200  (1)
66204  (1)
66201  (1)
66190  (1)
66189  (1)
66188  (1)
66187  (1)
66203  (1)
66169  (1)
66168  (1)
66167  (1)
66166  (1)
66165  (1)
66164  (1)
66163  (1)
66186  (1)
66162  (1)
66161  (1)
66160  (1)
66159  (1)
66158  (1)
66157  (1)
66156  (1)
66155  (1)
66136  (1)
66135  (1)
66134  (1)
66133  (1)
66132  (1)
66116  (1)
66115  (1)
66114  (1)
66113  (1)
66092  (1)
66112  (1)
66096  (1)
66095  (1)
66094  (1)
66093  (1)
66083  (1)
66081  (1)
66080  (1)
66079  (1)
66070  (1)
66069  (1)
66082  (1)
66067  (1)
66060  (1)
66059  (1)
66058  (1)
66057  (1)
66066  (1)
66068  (1)
66056  (1)
66043  (1)
66042  (1)
66041  (1)
66040  (1)
66039  (1)
66031  (1)
66030  (1)
66029  (1)
65986  (1)
65984  (1)
65983  (1)
65973  (1)
65972  (1)
66032  (1)
66028  (1)
65987  (1)
65970  (1)
65969  (1)
65957  (1)
65956  (1)
65955  (1)
65971  (1)
65985  (1)
65954  (1)
65953  (1)
65941  (1)
65930  (1)
65929  (1)
65928  (1)
65927  (1)
65926  (1)
65916  (1)
65915  (1)
65914  (1)
65942  (1)
65913  (1)
65900  (1)
65899  (1)
65898  (1)
65897  (1)
65896  (1)
65912  (1)
65892  (1)
65890  (1)
65889  (1)
65888  (1)
65866  (1)
65865  (1)
65864  (1)
65891  (1)
65858  (1)
65863  (1)
65859  (1)
65857  (1)
65862  (1)
65847  (1)
65848  (1)
65849  (1)
65855  (1)
65846  (1)
65845  (1)
65834  (1)
65832  (1)
65830  (1)
65856  (1)
65833  (1)
65831  (1)
65817  (1)
65816  (1)
65815  (1)
65814  (1)
65801  (1)
65818  (1)

Group 5 Dates  01/11/18 - 05/31/07
Total Quantity 240
64649  (1)
65800  (1)
65798  (1)
65797  (1)
65786  (1)
65785  (1)
65799  (1)
65784  (1)
65783  (1)
65782  (1)
65777  (1)
65776  (1)
65773  (1)
65775  (1)
65774  (1)
65749  (1)
65748  (1)
65747  (1)
65746  (1)
65745  (1)
65744  (1)
65743  (1)
65742  (1)
65741  (1)
65740  (1)
65718  (1)
65717  (1)
65716  (1)
65714  (1)
65715  (1)
65701  (1)
65700  (1)
65699  (1)
65698  (1)
65697  (1)
65650  (1)
65649  (1)
65646  (1)
65680  (1)
65679  (1)
65648  (1)
65647  (1)
65678  (1)
65677  (1)
65676  (1)
65674  (1)
65673  (1)
65672  (1)
65671  (1)
65670  (1)
65638  (1)
65637  (1)
65636  (1)
65635  (1)
65634  (1)
65631  (1)
65630  (1)
65629  (1)
65628  (1)
65632  (1)
65603  (1)
65602  (1)
65601  (1)
65600  (1)
65591  (1)
65599  (1)
65590  (1)
65589  (1)
65588  (1)
65587  (1)
65581  (1)
65580  (1)
65579  (1)
65578  (1)
65577  (1)
65561  (1)
65559  (1)
65560  (1)
65558  (1)
65557  (1)
65545  (1)
65544  (1)
65543  (1)
65542  (1)
65541  (1)
65531  (1)
65530  (1)
65529  (1)
65528  (1)
65527  (1)
65526  (1)
65525  (1)
65524  (1)
65523  (1)
65501  (1)
65522  (1)
65499  (1)
65498  (1)
65497  (1)
65482  (1)
65481  (1)
65500  (1)
65478  (1)
65480  (1)
65479  (1)
65466  (1)
65465  (1)
65464  (1)
65463  (1)
65462  (1)
65444  (1)
65443  (1)
65442  (1)
65441  (1)
65440  (1)
63944  (1)
64402  (1)
64401  (1)
64400  (1)
64383  (1)
64382  (1)
64375  (1)
64380  (1)
64379  (1)
64378  (1)
64377  (1)
64376  (1)
64374  (1)
64354  (1)
64351  (1)
64352  (1)
64353  (1)
62123.9  (1)
62123.8  (1)
62123.7  (1)
62123.6  (1)
62123.5  (1)
62123.4  (1)
62123.3  (1)
62123.2  (1)
62123.10  (1)
62123.1  (1)
62075.9  (1)
62075.8  (1)
62075.10  (1)
64350  (1)
64343  (1)
64324  (1)
64323  (1)
64314  (1)
1124  (10)
1163  (5)
62191.9  (1)
62191.8  (1)
62191.7  (1)
62191.6  (1)
62191.5  (1)
62191.4  (1)
62191.3  (1)
62191.10  (1)
62191.2  (1)
62191.1  (1)