Part Number    221-0190
Description    STANDARD CAT SCALE SPEAKER SIGN
Total Work Orders   1040
Total Quantity 1040
Report Depth    05/29/25 - 05/31/07
Work Orders    200 Group 4
Group 4 Dates  08/08/19 - 08/31/12
66499
66497
66496
66495
66494
66493
66490
66487
66467
66466
66465
66464
66489
66488
66491
66463
66449
66448
66447
66446
66445
66430
66428
66450
66429
66427
66426
66423
66420
66419
66418
66386
66417
66416
66393
66392
66391
66390
66389
66385
66384
66382
66383
66360
66362
66361
66359
66342
66335
66363
66334
66333
66332
66331
66330
66329
66328
66327
66326
66319
66320
66318
66317
66300
66316
66299
66298
66297
66296
66283
66282
66279
66281
66280
66236
66235
66234
66233
66266
66265
66264
66263
66262
66232
66209
66208
66207
66206
66205
66200
66204
66201
66190
66189
66188
66187
66203
66169
66168
66167
66166
66165
66164
66163
66186
66162
66161
66160
66159
66158
66157
66156
66155
66136
66135
66134
66133
66132
66116
66115
66114
66113
66092
66112
66096
66095
66094
66093
66083
66081
66080
66079
66070
66069
66082
66067
66060
66059
66058
66057
66066
66068
66056
66043
66042
66041
66040
66039
66031
66030
66029
65986
65984
65983
65973
65972
66032
66028
65987
65970
65969
65957
65956
65955
65971
65985
65954
65953
65941
65930
65929
65928
65927
65926
65916
65915
65914
65942
65913
65900
65899
65898
65897
65896
65912
65892
65890
65889
65888
65866
65865
65864
65891
65858
65863
65859
65857
65862
65847
65848
65849
65855
65846
65845
65834
65832
65830
65856
65833
65831
65817
65816
65815
65814
65801
65818