Part Number    221-0190
Description    STANDARD CAT SCALE SPEAKER SIGN
Total Work Orders   1040
Total Quantity 1040
Report Depth    05/29/25 - 05/31/07
Work Orders    200 Group 1
Group 1 Dates  05/29/25 - 07/17/23

68450
68449
68448
68447
68440
68439
68438
68437
68436
68423
68422
68421
68420
68419
68404
68403
68402

68401
68400
68382
68381
68380
68379
68378
68328
68327
68326
68325
68324
68323
68322
68321
68320
68319
68301
68300
68298
68273
68269
68272
68270
68268
68267
68266
68265
68302
68299
68271
68264
68254
68253
68252
68251
68250
68249
68248
68247
68246
68245
68230
68229
68185
68228
68227
68226
68208
68207
68206
68225
68224
68223
68222
68221
68205
68204
68191
68190
68189
68188
68187
68186
68184
68183
68182
68160
68159
68158
68157
68156
68155
68154
68153
68152
69008
68151
68126
68125
68124
68123
68122
68121
68120
69007
69006
68119
68118
68117
68093
69005
69010
69009
68092
68091
68090
68089
68088
68087
68086
68085
68078
68077
68076
68084
68075
68074
68073
68072
68071
68070
68058
68048
68047
68046
68045
68040
68025
68024
68023
68022
68021
68005
68004
68003
68002
68001
67995
67994
67993
67992
67991
67990
67989
67988
67987
67986
67966
67953
67952
67951
67950
67948
67949
67947
67946
67945
67944
67934
67933
67932
67931
67930
67896
67916
67915
67914
67913
67912
67898
67897
67879
67878
67870
67869
67868
67867
67866
67865
67864
67863
67862
67861
67840
67839
67835
67834
67833
67832
67836
67814
67813
67812
67811
67838
67837
67810
67809
67890
67888
67887
67886
67808
67807
67806
67884
67885
67883
67805
67881
67882
67880
67781
67780
67779
67778
67777
67762
67761
67760
67759
67758
67757
67756
67755
67754
67753
67736
67735
67734
67733
67737