Part Number    221-0190
Description    STANDARD CAT SCALE SPEAKER SIGN
Total Work Orders   1040
Total Quantity 1040
Report Depth    05/29/25 - 05/31/07
Work Orders    200 Group 5
Group 5 Dates  01/11/18 - 05/31/07
64649
65800
65798
65797
65786
65785
65799
65784
65783
65782
65777
65776
65773
65775
65774
65749
65748
65747
65746
65745
65744
65743
65742
65741
65740
65718
65717
65716
65714
65715
65701
65700
65699
65698
65697
65650
65649
65646
65680
65679
65648
65647
65678
65677
65676
65674
65673
65672
65671
65670
65638
65637
65636
65635
65634
65631
65630
65629
65628
65632
65603
65602
65601
65600
65591
65599
65590
65589
65588
65587
65581
65580
65579
65578
65577
65561
65559
65560
65558
65557
65545
65544
65543
65542
65541
65531
65530
65529
65528
65527
65526
65525
65524
65523
65501
65522
65499
65498
65497
65482
65481
65500
65478
65480
65479
65466
65465
65464
65463
65462
65444
65443
65442
65441
65440
63944
64402
64401
64400
64383
64382
64375
64380
64379
64378
64377
64376
64374
64354
64351
64352
64353
62123.9
62123.8
62123.7
62123.6
62123.5
62123.4
62123.3
62123.2
62123.10
62123.1
62075.9
62075.8
62075.10
64350
64343
64324
64323
64314
1124
1163
62191.9
62191.8
62191.7
62191.6
62191.5
62191.4
62191.3
62191.10
62191.2
62191.1