Part Number    221-0210
Description    5'-4 1/2" X 20' HIGH WIND OVERHEAD CAT SCALE SIGN
Total Work Orders   57
Total Quantity 57
Report Depth    07/17/24 - 08/31/08

68081
67874
67511
67409
64985
67087
67078
67056
66818
66636
66422
66388
66309
66103
66054
65779
65766
65574
65267
65204
65171
65085
65083
64987
64299
64737
61620
64984
64600
64531
64516
64413
64293
64922
64183
64182
64154
64179
63901
63833
63661
63682
63564
63503
63500
63267
63273
63182
63200
63130
63133
63091
63027
62928
62915
62886
62869
62755
62677