Part Number    221-0300
Description    5'-4 1/2" X 20' STANDARD CAT SCALE POLES
Total Work Orders   784
Total Quantity Sets 804
Total Quantity Poles 1608
Report Depth    06/06/25 - 06/30/07
Work Orders    184 Group 4
Group 4 Dates  09/16/16 - 06/30/07
65279
65278
65277
65276
65275
65262
65261
65260
65259
65195
65249
65225
65224
65223
65222
65164
65163
65162
65194
65221
65198
65197
65196
65161
65160
65147
65146
65145
65144
65143
65101
65099
65098
65097
65100
66018
66017
66016
66015
66014
65081
65079
65078
65077
65059
65080
65058
65057
65030
64367
65056
65029
65028
65027
65026
65012
65011
65010
65009
65008
64991
64990
64921
64920
64919
64865
64864
64863
64862
64861
64904
64903
64902
64901
64900
64850
64849
64848
64847
64846
64838
64837
64836
64835
64834
64813
64812
64811
64810
64809
64787
64786
64785
64784
64783
64772
64771
64770
64769
64768
64758
64757
64756
64755
64754
64701
64700
64699
64669
64668
64634
64632
64400
64698
64697
64671
64670
64633
64631
64630
64617
64616
64615
64614
64613
64586
64577
64576
64603
64587
64585
64575
64574
64573
64602
64588
64557
64548
64545
64544
64507
64553
64547
64556
64555
64546
64508
64554
64506
64505
64504
64487
64488
64486
64485
64465
64457
64484
64468
64467
64466
64464
64981
64455
64454
64453
64983
64982
64980
64452
64412
64411
64410
64409
64403
64979
64342
64328
64327
64326
64325
64346
64345
64344
64323
64329
64322
64321
64320
64319
64343
64305
64304
64303
64302
64301
62076.5
62076.4
62124.5
62124.4
62124.3
62124.2
62124.1