Part Number    221-0200
Description    5'-4 1/2" X 20' STANDARD OVERHEAD CAT SCALE SIGN
Total Work Orders   600
Report Depth    05/29/2025 - 07/31/2007
Work Orders    200 Group 1
Group 1 Dates  05/29/2025 - 01/12/2023

68484
68483
68482
68481
68462
68461
68460
68459
68458
68430
68429
68427
38426

68425
68408
68407
68406
68405
68375
68374
68373
68372
68371
68355
68353
68349
68351
68347
68313
68312
68311
68309
68292
68310
68291
68290
68289
68288
68283
68282
68281
68280
68279
68261
68260
68259
68258
68257
68239
68238
68237
68236
68235
68219
68220
68218
68217
68216
68196
68195
68194
68193
68192
68176
68174
68175
68173
68172
68145
68144
68143
68142
68141
68131
68130
68129
68128
68127
68106
68105
68104
68103
68102
68099
68098
68097
68096
68095
68065
68064
68063
68062
68056
68054
68053
68052
68051
68050
68034
68033
68032
68031
68030
68015
68014
68013
68011
68012
68000
67999
67998
67997
67996
67969
67968
67967
67958
67957
67956
67955
67954
67942
67941
67939
67938
67937
67940
67936
67927
67925
67923
67922
67921
67906
67905
67904
67903
67902
67847
67846
67845
67844
67843
67830
67829
67828
67827
67826
67842
67804
67803
67802
67801
67800
67794
67793
67792
67791
67790
67786
67785
67784
67783
67782
67767
67766
67765
67764
67763
67742
67741
67740
67739
67738
67730
67729
67728
67727
67726
67691
67690
67689
67688
67687
67677
67670
67669
67668
67667
67666
67658
67657
67656
67655
67654
67623
67622
67621
67620
67619
67604
67603
67601
67600
67593
67592
67591
67602
67590
67589
67578
67577
67576
67575
67574