Part Number    221-0200
Description    5'-4 1/2" X 20' STANDARD OVERHEAD CAT SCALE SIGN
Total Work Orders   600
Report Depth    05/29/2025 - 07/31/2007
Work Orders    200 Group 2
Group 2 Dates  12/15/2022 - 08/13/2020

67509
67508
67507
67506
67505
67504
67503
67502
67501
67500
67457
67456
67455
67454
67453
67452
67451
67450
67449
67448
67433
67432
67431
67430
67429
67403
67404
67407
67406
67405
67381
67380
67379
67378
67377
67376
67375
67374
67373
67372
67352
67351
67350
67349
67348
67330
67329
67328
67327
67326
67285
67284
67283
67282
67281
67280
67243
67279
67278
67277
67276
67242
67241
67240
67239
67221
67220
67219
67218
67217
67216
67215
67214
67213
67212
67187
67186
67185
67184
67183
67156
67155
67154
67153
67152
67149
67151
67150
67148
67147
67138
67137
67136
67135
67134
67071
67104
67103
67102
67101
67100
67086
67085
67084
67083
67082
67072
67070
67069
67068
67034
67033
67032
67031
67022
67030
67021
67020
67019
67018
66998
66997
66996
66995
66975
66994
66974
66973
66972
66952
66951
66950
66949
66971
66948
66918
66917
66916
66914
66915
66891
66890
66889
66888
66887
66885
66886
66884
66883
66882
66877
66880
66879
66878
66876
66863
66862
66861
66860
66859
66840
66839
66838
66837
66836
66823
66820
66806
66808
66821
66819
66809
66118
66822
66770
66805
66771
66769
66807
66768
66767
66739
66738
66728
66740