Part Number    210-0190
Description    CAT SCALE INSTRUCTION FACE
Total Work Orders   50
Total Quantity 3,652
Report Depth    05/20/2025 - 01/23/2010
Work Orders    50 Group 1
Group 1 Dates  05/20/2025 - 01/23/2010
Total Quantity 3,652

68464 (70)

68383  (69)
68330  (70)
68209  (70)
68233  (70)
68170  (100)
68082  (80)
68044  (80)
68027  (70)
67875  (72)
67857  (72)
67823  (72)
67732  (72)
67708  (72)
67616  (72)
67514  (72)
67418  (72)
67488  (71)
67224  (72)
67144  (72)
67118  (72)
67058  (72)
66982  (72)
66928  (72)
66835  (92)
66790  (72)
66713  (72)
66618  (72)
66532  (72)
66433  (70)
66347  (72)
66197  (72)
65967  (71)
65964  (72)
65843  (72)
65713  (74)
65571  (72)
65389  (72)
65247  (72)
65129  (76)
64994  (72)
64722  (72)
64661  (72)
64442  (72)
64291  (93)
64110  (72)
63945  (48)
63667  (72)
63459  (72)
63206  (72)
63025  (72)